20,
25,
30,35,
40,
45,
50#
S,
P,
B,
F,
L#
HM,
HA,
HP@
I,
IIa,
IIb,
IIIa,
IIIb,
IIIc,IV,Qa,Qb,Qc,H,F,E@
XO,XC1,XC2,XC3,XC4,XS1,X32,XS3,XD1,XD2,XD3,XF1,XF,XF3,XF4,XA1,XA2,XA3,XM1,XM2,XM3@
65,0,0,0,0,0,0,50,50,45,55,50,50@
65,60,55,50,50,45,50,50,50,45,55,50,50@
60,60,55,45,45,45,45,50,45,45,55,50,50@
200,0,0,0,0,0,0,275,300,325,275,300,275@
250,275,300,300,325,350,325,325,350,350,300,325,300@
275,300,300,300,325,350,325,325,350,350,300,325,300@
20,0,0,0,0,0,0,30,30,35,30,30,30@
25,25,30,30,30,35,30,30,30,35,30,30,30@
25,25,30,30,35,35,35,30,35,35,30,30,30@
200,0,0,0,0,0,0,0,0,0,0,275,300,275,300,275,300,325,300,300,300@
250,275,275,300,300,300,325,350,325,325,325,300,325,300,325,325,350,350,325,325,325@
275,300,300,300,300,300,325,350,325,325,325,300,325,300,325,325,350,350,325,325,325@
20,0,0,0,0,0,0,0,0,0,0,30,30,30,30,30,30,35,30,30,30@
25,25,25,30,30,30,30,35,30,30,30,30,30,30,30,30,30,3,30,30,30@
25,25,25,30,30,30,35,35,35,35,35,30,30,30,30,30,35,35,30,30,30@
